record_month,year,month_number,total_rainfall_mm,mean_temperature_c
1982-01-01,1982,1,107.1,25.9
1982-02-01,1982,2,27.8,27.1
1982-03-01,1982,3,160.8,27.2
1982-04-01,1982,4,157.0,27.0
1982-05-01,1982,5,102.2,28.0
1982-06-01,1982,6,59.5,28.4
1982-07-01,1982,7,76.3,28.2
1982-08-01,1982,8,169.5,27.7
1982-09-01,1982,9,54.1,27.9
1982-10-01,1982,10,39.3,27.4
1982-11-01,1982,11,134.0,27.3
1982-12-01,1982,12,494.1,26.2
1983-01-01,1983,1,246.0,26.5
1983-02-01,1983,2,5.6,28.1
1983-03-01,1983,3,18.6,28.9
1983-04-01,1983,4,33.6,29.4
1983-05-01,1983,5,160.8,28.3
1983-06-01,1983,6,94.0,28.3
1983-07-01,1983,7,190.0,27.6
1983-08-01,1983,8,262.2,28.1
1983-09-01,1983,9,170.8,27.2
1983-10-01,1983,10,212.7,27.6
1983-11-01,1983,11,228.8,26.6
1983-12-01,1983,12,370.6,25.4
1984-01-01,1984,1,251.2,25.5
1984-02-01,1984,2,470.4,25.8
1984-03-01,1984,3,361.3,26.5
1984-04-01,1984,4,153.1,27.3
1984-05-01,1984,5,186.5,27.3
1984-06-01,1984,6,255.0,27.5
1984-07-01,1984,7,127.2,27.2
1984-08-01,1984,8,102.7,27.4
1984-09-01,1984,9,186.7,26.8
1984-10-01,1984,10,187.5,27.4
1984-11-01,1984,11,127.7,26.5
1984-12-01,1984,12,277.4,26.0
1985-01-01,1985,1,111.1,26.6
1985-02-01,1985,2,79.3,27.0
1985-03-01,1985,3,88.0,27.1
1985-04-01,1985,4,110.5,27.5
1985-05-01,1985,5,70.1,28.0
1985-06-01,1985,6,37.0,28.2
1985-07-01,1985,7,131.8,27.0
1985-08-01,1985,8,56.9,27.7
1985-09-01,1985,9,110.7,26.9
1985-10-01,1985,10,169.0,26.7
1985-11-01,1985,11,179.4,26.6
1985-12-01,1985,12,340.1,26.1
1986-01-01,1986,1,308.2,25.7
1986-02-01,1986,2,26.7,26.9
1986-03-01,1986,3,353.4,26.4
1986-04-01,1986,4,150.0,27.4
1986-05-01,1986,5,145.1,28.2
1986-06-01,1986,6,122.9,27.9
1986-07-01,1986,7,109.7,27.9
1986-08-01,1986,8,72.9,28.3
1986-09-01,1986,9,396.0,26.7
1986-10-01,1986,10,227.3,26.9
1986-11-01,1986,11,256.7,26.6
1986-12-01,1986,12,367.2,26.3
1987-01-01,1987,1,568.6,25.5
1987-02-01,1987,2,86.9,26.6
1987-03-01,1987,3,132.5,27.5
1987-04-01,1987,4,72.5,27.9
1987-05-01,1987,5,270.0,27.6
1987-06-01,1987,6,126.6,28.7
1987-07-01,1987,7,80.9,28.1
1987-08-01,1987,8,191.9,27.4
1987-09-01,1987,9,129.9,27.6
1987-10-01,1987,10,22.6,27.9
1987-11-01,1987,11,347.6,27.3
1987-12-01,1987,12,72.8,26.4
1988-01-01,1988,1,237.5,26.8
1988-02-01,1988,2,158.1,27.1
1988-03-01,1988,3,186.8,27.3
1988-04-01,1988,4,109.6,27.8
1988-05-01,1988,5,229.6,28.4
1988-06-01,1988,6,252.2,28.0
1988-07-01,1988,7,305.4,27.3
1988-08-01,1988,8,80.1,27.0
1988-09-01,1988,9,440.4,27.1
1988-10-01,1988,10,134.6,27.5
1988-11-01,1988,11,401.4,26.3
1988-12-01,1988,12,62.9,26.2
1989-01-01,1989,1,189.7,26.5
1989-02-01,1989,2,52.4,26.6
1989-03-01,1989,3,305.9,26.3
1989-04-01,1989,4,198.6,27.0
1989-05-01,1989,5,194.0,27.3
1989-06-01,1989,6,117.6,27.5
1989-07-01,1989,7,157.6,27.7
1989-08-01,1989,8,201.0,27.1
1989-09-01,1989,9,247.3,26.9
1989-10-01,1989,10,111.0,27.1
1989-11-01,1989,11,508.4,26.7
1989-12-01,1989,12,179.7,26.3
1990-01-01,1990,1,147.4,26.2
1990-02-01,1990,2,24.1,27.6
1990-03-01,1990,3,94.2,28.2
1990-04-01,1990,4,52.4,28.5
1990-05-01,1990,5,180.1,28.6
1990-06-01,1990,6,112.6,28.3
1990-07-01,1990,7,124.0,27.5
1990-08-01,1990,8,146.6,28.0
1990-09-01,1990,9,204.5,27.2
1990-10-01,1990,10,56.4,27.5
1990-11-01,1990,11,180.4,27.2
1990-12-01,1990,12,201.1,26.3
1991-01-01,1991,1,123.9,26.7
1991-02-01,1991,2,45.5,27.1
1991-03-01,1991,3,92.4,27.8
1991-04-01,1991,4,134.2,27.7
1991-05-01,1991,5,256.4,27.7
1991-06-01,1991,6,88.7,28.6
1991-07-01,1991,7,37.3,28.5
1991-08-01,1991,8,226.2,28.2
1991-09-01,1991,9,123.1,27.5
1991-10-01,1991,10,52.0,27.5
1991-11-01,1991,11,205.0,26.3
1991-12-01,1991,12,492.3,25.6
1992-01-01,1992,1,83.9,26.6
1992-02-01,1992,2,62.4,27.5
1992-03-01,1992,3,67.6,28.2
1992-04-01,1992,4,160.3,28.4
1992-05-01,1992,5,63.1,28.1
1992-06-01,1992,6,162.8,28.0
1992-07-01,1992,7,290.8,27.3
1992-08-01,1992,8,76.1,27.8
1992-09-01,1992,9,83.6,27.3
1992-10-01,1992,10,233.2,27.4
1992-11-01,1992,11,474.3,26.1
1992-12-01,1992,12,502.7,25.5
1993-01-01,1993,1,176.4,26.2
1993-02-01,1993,2,69.2,26.7
1993-03-01,1993,3,250.5,26.7
1993-04-01,1993,4,283.9,27.6
1993-05-01,1993,5,129.9,28.2
1993-06-01,1993,6,115.5,28.5
1993-07-01,1993,7,240.0,27.9
1993-08-01,1993,8,106.8,28.6
1993-09-01,1993,9,61.7,27.9
1993-10-01,1993,10,175.5,27.5
1993-11-01,1993,11,250.8,26.9
1993-12-01,1993,12,308.5,26.5
1994-01-01,1994,1,56.9,26.9
1994-02-01,1994,2,133.5,27.0
1994-03-01,1994,3,288.2,26.8
1994-04-01,1994,4,154.0,27.9
1994-05-01,1994,5,169.6,28.1
1994-06-01,1994,6,184.7,28.1
1994-07-01,1994,7,53.8,28.4
1994-08-01,1994,8,45.1,28.1
1994-09-01,1994,9,23.7,28.3
1994-10-01,1994,10,84.7,27.9
1994-11-01,1994,11,322.2,26.7
1994-12-01,1994,12,425.4,26.9
1995-01-01,1995,1,349.4,26.8
1995-02-01,1995,2,334.0,26.5
1995-03-01,1995,3,67.7,27.6
1995-04-01,1995,4,242.3,27.9
1995-05-01,1995,5,84.4,28.5
1995-06-01,1995,6,63.7,28.9
1995-07-01,1995,7,173.6,28.0
1995-08-01,1995,8,211.6,27.4
1995-09-01,1995,9,29.5,28.3
1995-10-01,1995,10,101.1,27.8
1995-11-01,1995,11,372.8,27.0
1995-12-01,1995,12,302.5,26.3
1996-01-01,1996,1,173.2,26.2
1996-02-01,1996,2,180.2,26.5
1996-03-01,1996,3,129.7,27.8
1996-04-01,1996,4,178.2,27.8
1996-05-01,1996,5,107.5,28.5
1996-06-01,1996,6,265.8,28.3
1996-07-01,1996,7,162.3,28.3
1996-08-01,1996,8,258.4,27.4
1996-09-01,1996,9,297.0,27.7
1996-10-01,1996,10,300.0,27.5
1996-11-01,1996,11,180.2,27.3
1996-12-01,1996,12,185.5,26.6
1997-01-01,1997,1,15.4,27.1
1997-02-01,1997,2,105.4,27.4
1997-03-01,1997,3,34.3,28.1
1997-04-01,1997,4,118.4,28.1
1997-05-01,1997,5,41.6,29.3
1997-06-01,1997,6,78.9,29.3
1997-07-01,1997,7,18.6,28.8
1997-08-01,1997,8,86.6,28.8
1997-09-01,1997,9,31.1,28.8
1997-10-01,1997,10,78.4,28.2
1997-11-01,1997,11,158.3,27.8
1997-12-01,1997,12,351.9,27.3
1998-01-01,1998,1,268.8,28.0
1998-02-01,1998,2,32.5,28.9
1998-03-01,1998,3,58.8,29.5
1998-04-01,1998,4,187.7,29.2
1998-05-01,1998,5,370.8,29.4
1998-06-01,1998,6,198.8,28.6
1998-07-01,1998,7,259.2,28.1
1998-08-01,1998,8,195.0,27.5
1998-09-01,1998,9,258.2,27.9
1998-10-01,1998,10,222.7,28.0
1998-11-01,1998,11,107.2,27.9
1998-12-01,1998,12,463.4,26.6
1999-01-01,1999,1,193.9,26.6
1999-02-01,1999,2,67.4,27.2
1999-03-01,1999,3,181.4,27.1
1999-04-01,1999,4,88.5,28.3
1999-05-01,1999,5,157.1,28.0
1999-06-01,1999,6,103.4,28.2
1999-07-01,1999,7,225.4,27.8
1999-08-01,1999,8,204.0,27.5
1999-09-01,1999,9,125.9,27.9
1999-10-01,1999,10,205.0,27.2
1999-11-01,1999,11,241.5,27.3
1999-12-01,1999,12,340.5,26.8
2000-01-01,2000,1,275.2,26.3
2000-02-01,2000,2,237.8,26.6
2000-03-01,2000,3,238.3,27.2
2000-04-01,2000,4,311.6,27.5
2000-05-01,2000,5,96.8,28.6
2000-06-01,2000,6,157.5,27.6
2000-07-01,2000,7,116.1,28.1
2000-08-01,2000,8,113.5,27.5
2000-09-01,2000,9,81.1,28.0
2000-10-01,2000,10,120.9,27.8
2000-11-01,2000,11,385.7,27.3
2000-12-01,2000,12,236.0,27.0
2001-01-01,2001,1,425.8,26.5
2001-02-01,2001,2,86.6,27.0
2001-03-01,2001,3,297.3,27.5
2001-04-01,2001,4,203.3,27.7
2001-05-01,2001,5,164.9,28.5
2001-06-01,2001,6,137.1,28.2
2001-07-01,2001,7,111.3,28.4
2001-08-01,2001,8,158.3,28.0
2001-09-01,2001,9,162.0,28.0
2001-10-01,2001,10,252.2,27.6
2001-11-01,2001,11,175.3,27.2
2001-12-01,2001,12,609.0,26.7
2002-01-01,2002,1,221.2,27.0
2002-02-01,2002,2,50.8,27.3
2002-03-01,2002,3,55.6,28.2
2002-04-01,2002,4,116.5,28.6
2002-05-01,2002,5,236.6,28.9
2002-06-01,2002,6,83.1,28.7
2002-07-01,2002,7,233.7,28.4
2002-08-01,2002,8,54.2,28.5
2002-09-01,2002,9,124.2,28.1
2002-10-01,2002,10,10.8,28.7
2002-11-01,2002,11,307.2,27.4
2002-12-01,2002,12,255.0,27.2
2003-01-01,2003,1,444.2,26.7
2003-02-01,2003,2,172.9,27.1
2003-03-01,2003,3,154.6,28.1
2003-04-01,2003,4,159.9,27.9
2003-05-01,2003,5,81.8,29.2
2003-06-01,2003,6,50.3,28.9
2003-07-01,2003,7,170.4,28.1
2003-08-01,2003,8,193.6,28.2
2003-09-01,2003,9,205.3,27.6
2003-10-01,2003,10,351.4,27.6
2003-11-01,2003,11,133.8,27.1
2003-12-01,2003,12,273.0,26.5
2004-01-01,2004,1,600.9,26.9
2004-02-01,2004,2,31.9,27.6
2004-03-01,2004,3,269.4,27.7
2004-04-01,2004,4,57.1,28.9
2004-05-01,2004,5,137.6,28.9
2004-06-01,2004,6,127.2,29.0
2004-07-01,2004,7,166.6,27.3
2004-08-01,2004,8,185.2,28.3
2004-09-01,2004,9,128.9,27.8
2004-10-01,2004,10,125.6,27.8
2004-11-01,2004,11,166.2,27.3
2004-12-01,2004,12,139.8,26.8
2005-01-01,2005,1,163.2,26.6
2005-02-01,2005,2,8.4,28.5
2005-03-01,2005,3,82.4,28.5
2005-04-01,2005,4,81.7,28.7
2005-05-01,2005,5,331.1,28.5
2005-06-01,2005,6,82.3,28.8
2005-07-01,2005,7,104.0,28.0
2005-08-01,2005,8,58.5,28.2
2005-09-01,2005,9,175.7,28.2
2005-10-01,2005,10,314.5,27.6
2005-11-01,2005,11,362.9,27.3
2005-12-01,2005,12,166.0,27.3
2006-01-01,2006,1,454.4,26.5
2006-02-01,2006,2,115.5,27.5
2006-03-01,2006,3,83.1,28.3
2006-04-01,2006,4,239.8,27.6
2006-05-01,2006,5,205.7,28.1
2006-06-01,2006,6,236.8,27.8
2006-07-01,2006,7,153.8,28.4
2006-08-01,2006,8,127.3,28.3
2006-09-01,2006,9,83.3,28.0
2006-10-01,2006,10,102.0,28.3
2006-11-01,2006,11,185.6,27.3
2006-12-01,2006,12,765.9,26.6
2007-01-01,2007,1,450.1,26.5
2007-02-01,2007,2,105.5,27.3
2007-03-01,2007,3,269.1,27.5
2007-04-01,2007,4,240.2,28.1
2007-05-01,2007,5,127.2,28.3
2007-06-01,2007,6,139.0,28.4
2007-07-01,2007,7,141.7,27.7
2007-08-01,2007,8,190.7,27.7
2007-09-01,2007,9,149.0,27.8
2007-10-01,2007,10,237.2,27.8
2007-11-01,2007,11,367.9,26.9
2007-12-01,2007,12,468.6,26.4
2008-01-01,2008,1,262.6,26.8
2008-02-01,2008,2,129.2,26.7
2008-03-01,2008,3,294.1,26.5
2008-04-01,2008,4,87.2,28.1
2008-05-01,2008,5,124.9,28.8
2008-06-01,2008,6,118.3,28.2
2008-07-01,2008,7,89.1,27.8
2008-08-01,2008,8,327.3,27.4
2008-09-01,2008,9,164.4,27.7
2008-10-01,2008,10,159.5,27.6
2008-11-01,2008,11,324.3,27.3
2008-12-01,2008,12,244.2,26.9
2009-01-01,2009,1,38.3,26.8
2009-02-01,2009,2,201.8,27.3
2009-03-01,2009,3,223.3,27.2
2009-04-01,2009,4,183.7,28.5
2009-05-01,2009,5,198.6,28.7
2009-06-01,2009,6,21.8,29.1
2009-07-01,2009,7,161.0,28.3
2009-08-01,2009,8,177.8,28.3
2009-09-01,2009,9,109.6,28.3
2009-10-01,2009,10,133.4,28.2
2009-11-01,2009,11,281.8,27.2
2009-12-01,2009,12,189.8,27.1
2010-01-01,2010,1,69.5,27.5
2010-02-01,2010,2,6.3,28.9
2010-03-01,2010,3,238.0,28.6
2010-04-01,2010,4,158.5,28.6
2010-05-01,2010,5,157.5,29.2
2010-06-01,2010,6,240.5,28.3
2010-07-01,2010,7,298.5,27.7
2010-08-01,2010,8,158.4,27.9
2010-09-01,2010,9,121.5,28.0
2010-10-01,2010,10,166.2,28.3
2010-11-01,2010,11,278.8,27.4
2010-12-01,2010,12,181.4,26.8
2011-01-01,2011,1,513.2,26.3
2011-02-01,2011,2,23.0,27.3
2011-03-01,2011,3,256.6,27.1
2011-04-01,2011,4,217.8,27.9
2011-05-01,2011,5,127.0,28.5
2011-06-01,2011,6,213.0,28.4
2011-07-01,2011,7,76.6,28.7
2011-08-01,2011,8,81.4,27.9
2011-09-01,2011,9,136.4,27.8
2011-10-01,2011,10,216.8,27.3
2011-11-01,2011,11,377.8,27.1
2011-12-01,2011,12,284.6,26.6
2012-01-01,2012,1,106.1,26.7
2012-02-01,2012,2,83.6,27.2
2012-03-01,2012,3,313.4,27.0
2012-04-01,2012,4,260.6,27.6
2012-05-01,2012,5,292.0,28.2
2012-06-01,2012,6,53.0,28.7
2012-07-01,2012,7,130.8,27.7
2012-08-01,2012,8,119.0,27.9
2012-09-01,2012,9,107.6,27.9
2012-10-01,2012,10,122.2,27.7
2012-11-01,2012,11,208.2,27.1
2012-12-01,2012,12,363.4,26.7
2013-01-01,2013,1,262.0,27.1
2013-02-01,2013,2,395.2,26.5
2013-03-01,2013,3,85.8,28.3
2013-04-01,2013,4,159.4,28.2
2013-05-01,2013,5,211.4,28.2
2013-06-01,2013,6,111.4,29.0
2013-07-01,2013,7,174.6,27.8
2013-08-01,2013,8,165.6,27.9
2013-09-01,2013,9,257.0,27.5
2013-10-01,2013,10,285.4,27.7
2013-11-01,2013,11,292.4,27.1
2013-12-01,2013,12,348.2,26.5
2014-01-01,2014,1,75.4,26.2
2014-02-01,2014,2,0.2,27.2
2014-03-01,2014,3,66.0,27.9
2014-04-01,2014,4,110.0,28.2
2014-05-01,2014,5,125.8,28.6
2014-06-01,2014,6,71.4,29.0
2014-07-01,2014,7,148.6,28.7
2014-08-01,2014,8,241.0,27.7
2014-09-01,2014,9,83.6,28.5
2014-10-01,2014,10,120.0,28.4
2014-11-01,2014,11,250.8,27.5
2014-12-01,2014,12,245.6,27.0
2015-01-01,2015,1,79.6,26.9
2015-02-01,2015,2,18.8,27.0
2015-03-01,2015,3,84.4,28.2
2015-04-01,2015,4,73.2,28.6
2015-05-01,2015,5,89.0,28.7
2015-06-01,2015,6,95.8,29.0
2015-07-01,2015,7,116.8,29.1
2015-08-01,2015,8,185.8,28.4
2015-09-01,2015,9,61.6,28.7
2015-10-01,2015,10,87.2,28.7
2015-11-01,2015,11,72.6,28.0
2015-12-01,2015,12,302.3,27.7
2016-01-01,2016,1,126.6,28.3
2016-02-01,2016,2,186.0,27.8
2016-03-01,2016,3,6.2,29.0
2016-04-01,2016,4,89.8,29.4
2016-05-01,2016,5,193.8,29.3
2016-06-01,2016,6,162.8,28.5
2016-07-01,2016,7,168.6,28.4
2016-08-01,2016,8,139.2,28.9
2016-09-01,2016,9,118.9,28.3
2016-10-01,2016,10,181.0,28.3
2016-11-01,2016,11,290.2,27.4
2016-12-01,2016,12,292.6,27.4
2017-01-01,2017,1,197.6,26.9
2017-02-01,2017,2,158.4,26.9
2017-03-01,2017,3,136.2,27.4
2017-04-01,2017,4,208.6,27.8
2017-05-01,2017,5,190.0,28.5
2017-06-01,2017,6,106.0,28.5
2017-07-01,2017,7,79.6,28.3
2017-08-01,2017,8,84.2,28.1
2017-09-01,2017,9,124.4,28.0
2017-10-01,2017,10,120.8,27.9
2017-11-01,2017,11,268.6,27.1
2017-12-01,2017,12,371.2,27.0
2018-01-01,2018,1,287.0,26.1
2018-02-01,2018,2,14.8,27.2
2018-03-01,2018,3,44.6,28.0
2018-04-01,2018,4,61.2,28.5
2018-05-01,2018,5,132.2,28.7
2018-06-01,2018,6,182.6,28.4
2018-07-01,2018,7,143.2,28.5
2018-08-01,2018,8,121.6,28.5
2018-09-01,2018,9,144.4,28.0
2018-10-01,2018,10,234.4,27.9
2018-11-01,2018,11,169.6,27.3
2018-12-01,2018,12,172.6,27.6
2019-01-01,2019,1,63.6,28.0
2019-02-01,2019,2,31.6,28.2
2019-03-01,2019,3,72.2,28.7
2019-04-01,2019,4,174.8,28.6
2019-05-01,2019,5,69.0,29.3
2019-06-01,2019,6,173.8,28.4
2019-07-01,2019,7,12.2,29.0
2019-08-01,2019,8,11.8,29.1
2019-09-01,2019,9,22.8,29.0
2019-10-01,2019,10,176.8,28.1
2019-11-01,2019,11,137.4,28.0
2019-12-01,2019,12,421.5,26.7
2020-01-01,2020,1,88.4,27.7
2020-02-01,2020,2,65.0,27.9
2020-03-01,2020,3,108.8,28.6
2020-04-01,2020,4,188.0,28.9
2020-05-01,2020,5,255.6,28.9
2020-06-01,2020,6,233.8,28.1
2020-07-01,2020,7,140.8,27.9
2020-08-01,2020,8,103.4,28.3
2020-09-01,2020,9,150.2,27.5
2020-10-01,2020,10,78.8,28.3
2020-11-01,2020,11,220.6,27.2
2020-12-01,2020,12,253.2,27.2
2021-01-01,2021,1,692.8,26.0
2021-02-01,2021,2,1.0,27.3
2021-03-01,2021,3,182.4,27.9
2021-04-01,2021,4,290.4,28.2
2021-05-01,2021,5,245.8,28.7
2021-06-01,2021,6,93.4,28.5
2021-07-01,2021,7,195.8,28.6
2021-08-01,2021,8,293.6,27.6
2021-09-01,2021,9,205.4,28.3
2021-10-01,2021,10,177.0,28.5
2021-11-01,2021,11,312.4,27.6
2021-12-01,2021,12,119.6,27.7
2022-01-01,2022,1,99.8,27.4
2022-02-01,2022,2,175.0,27.3
2022-03-01,2022,3,163.2,28.1
2022-04-01,2022,4,239.6,28.1
2022-05-01,2022,5,102.0,29.2
2022-06-01,2022,6,211.8,27.9
2022-07-01,2022,7,145.2,28.6
2022-08-01,2022,8,141.4,28.1
2022-09-01,2022,9,121.0,27.9
2022-10-01,2022,10,279.0,27.6
2022-11-01,2022,11,313.8,27.4
2022-12-01,2022,12,215.4,26.8
2023-01-01,2023,1,302.6,26.5
2023-02-01,2023,2,324.4,26.9
2023-03-01,2023,3,243.4,27.1
2023-04-01,2023,4,222.8,28.5
2023-05-01,2023,5,112.8,29.5
2023-06-01,2023,6,228.4,29.0
2023-07-01,2023,7,158.0,28.7
2023-08-01,2023,8,114.0,28.7
2023-09-01,2023,9,133.0,28.7
2023-10-01,2023,10,96.6,29.0
2023-11-01,2023,11,219.0,27.9
2023-12-01,2023,12,256.2,27.3
2024-01-01,2024,1,499.6,26.8
2024-02-01,2024,2,60.2,28.2
2024-03-01,2024,3,161.2,28.8
2024-04-01,2024,4,204.8,29.4
2024-05-01,2024,5,226.4,29.1
2024-06-01,2024,6,245.4,28.7
2024-07-01,2024,7,36.8,29.3
2024-08-01,2024,8,85.8,28.7
2024-09-01,2024,9,122.4,28.7
2024-10-01,2024,10,147.6,28.5
2024-11-01,2024,11,407.4,27.4
2024-12-01,2024,12,234.4,27.7
2025-01-01,2025,1,480.2,26.5
2025-02-01,2025,2,73.8,27.3
2025-03-01,2025,3,550.1,27.4
2025-04-01,2025,4,235.6,28.0
2025-05-01,2025,5,218.4,28.7
2025-06-01,2025,6,148.4,29.3
2025-07-01,2025,7,130.2,29.1
2025-08-01,2025,8,96.6,28.4
2025-09-01,2025,9,234.2,28.0
2025-10-01,2025,10,90.8,28.9
2025-11-01,2025,11,367.0,28.2
2025-12-01,2025,12,208.2,27.3
2026-01-01,2026,1,9.4,27.0
2026-02-01,2026,2,202.2,27.2
2026-03-01,2026,3,38.2,28.2
2026-04-01,2026,4,179.8,29.0
2026-05-01,2026,5,185.2,28.7
